20        /* Number of species.  Format: Number (id), Atomic number, ZBL number, Charge
1     8    8.0    -2.0        /* O_
2    12    12.0    2.0        /* Mg
3    72    72.0    4.0        /* Hf
4    68    68.0    3.0        /* Er
5    22    22.0    4.0        /* Ti
6    66    66.0    3.0        /* Dy
7    13    13.0    3.0        /* Al
8    31    31.0    0.0        /* Ga
9    49    49.0    3.0        /* In
10   18    18.0    0.0        /* Ar
11   79    79.0    0.0        /* Au
12   58    58.0    4.0        /* Ce
13   40    40.0    4.0        /* Zr
14   14    14.0    0.0        /* Si
15   54    54.0    0.0        /* Xe
16    6     6.0    0.0        /* C_
17   39    39.0    3.0        /* Y_
18   94    94.0    0.0        /* Pu
19    1     1.0    0.0        /* H_
20    2     2.0    0.0        /* He
45        /* Total number of defined interacting-pair types.  Format: see below
20 1 1 2.400014734 0.0 0.015386425 4.727387396867178 -1.338465013883704 0.9003990859353513 -0.3064903717267329 0.05232746099065016 -0.003564905563310592 2.0 3.5 7.4 50 	/* He-O (L-J)
18 19 0  0  1  0  21.20423918899482  -31.78286103739215  20.49595390810643  -6.946440028632635  1.208628304278905  -0.08488049905997274  2.0  3.5  3.8  1    				/* Pu-H_
8 19 0  0  1  0  18.78724726693561  -29.15311738905159  19.21801583875577  -6.575372351569620  1.144746383572607  -0.08003607076352516  2.0  3.5  3.8  1    				/* Ga-H_
17 17 0  0  1  0  11.83596937037705  -10.44532015646737  4.965801113827787  -0.5713615281924311  -0.09153009885728002  -0.001407084595228518  0.5  1.77  7.4  50    		/* Y-Y
1  17 0  1345.6  0.3491  0.0  16.64431950562476  -51.38948625282469  107.9960728054115  -118.9685668905903  61.95074249685645  -12.15482191209799  0.55  1.4  7.4  50   	/* Y-O
1  1  0  22764.0  0.149  27.88  -0.9138359858972878  64.44073345121178  -209.5676234679795  295.9001891172490  -194.8126490284437  49.00191026916155  0.5  1.05  7.4  0    	/* O-O
2  1  0  1428.5  0.29450  0  13.73884867037003  -60.63784924885539  233.1591193193369  -491.1879793794185  499.1110274323595  -196.1893854077029  0.3  0.8  7.4  0    /* Mg-O (from MgO potential)
2  2  0  0  1  0  14.45007527645974  -47.79278340057644  122.4057784893324  -175.9777538721262  125.1151422571475  -34.14395897496484  0.5  1.05  1.3  0    /* Mg-Mg
3  2  0  0  1  0  16.40813007471263  -55.78847805142825  160.2993784018102  -251.6579452873801  188.5807648393097  -53.09017129203044  0.4  1.05  1.4  0    /* Hf-Mg
3  1  0  1492.60  0.34780  7.60  16.18272490978525  -68.49842547339746  254.2181043837200  -499.5596352363396  455.1473667183679  -153.5105463830529  0.3  0.9  7.4  100    /* Hf-O
3  3  0  0  1  0  15.81468529052633  -46.79758351697611  193.7187789849507  -477.2053604309283  529.0814350561064  -210.8041747199553  0.2  0.8  1.1  0    /* Hf-Hf
10  10  1  0.0104  1  3.4  -107.0970714969516  249.0997897511062  -220.1397753006476  94.64651044782971  -19.93912405073380  1.639311813257028  2.1  3.0  7.4  0    /* Ar-Ar (L-J)
10  5  0  0  1  0  11.65196720477288  -10.03825702001412  3.898284456196336  -0.9799868353877195  0.1588786614397089  -0.01154811551524338  2.0  4.0  4.3  1  /* Ti-Ar
10  1  0  0  1  0  9.954238698783563  -11.67043058294226  9.487372664837282  -4.144358032696625  0.9814181166751248  -0.09987783393393296  0.5  2.2  2.5  50    /* Ar-O
15  14  0  0  1  0  13.52436049867468  -26.25139526137807  45.14051726828878  -45.23913363370943  20.28308065734604  -3.256245640529214  0.5  2.0  2.3  1  /* Xe-Si
15  15  0  0  1  0  14.19150634739830  -22.56313299109458  34.36355546296824  -32.21642874848173  13.43488661507107  -1.989897004363755  0.5  2.2  2.5  1  /* Xe-Xe
16  10  0  0  1  0  11.67078760643069  -21.85931226398686  29.43530585376730  -23.19287176136888  8.575897468147594  -1.163832303273828  0.7  2.3  2.6  1  /* C_-Ar
14  10  0  0  1  0  13.14271435006044  -25.53967921453369  36.01682572708389  -28.81290331461008  10.67740759904046  -1.447429194130176  0.7  2.3  2.6  1  /* Si-Ar
10  11  0  0  1  0  14.32429246838582  -17.49462524814557  12.72446874476544  -5.138374711791684  1.148808344212622  -0.1105086164115272  1.2  2.5  2.8  50  /* Ar-Au
4  4  0  0  1  0  19.80458719424792  -88.50253936585240  338.9819611754776  -671.6878377155534  611.2328199101043  -205.1301810913543  0.3  0.9  1.14  0    /* Er-Er (from Er2Ti2O7 potential)
4  1  0  1739.91  0.3389  17.55  15.97859364867131  -40.99844676916791  74.70563184153177  -72.73311372168611  33.24287028398838  -5.647708459972875  0.6  1.7  7.4  50.0    /* Er-O (from Er2Ti2O7 potential)
4  5  0  0  1  0  13.70030834940093  -30.59867292435775  95.49491960973429  -201.3006753099663  198.7269726528623  -70.94360760152521  0.2  0.9  1.14  0    /* Er-Ti
5  5  0  0  1  0  12.43304212606425  -27.30341696605673  80.90637086794017  -170.8689233511081  181.0301530109224  -71.32724460687945  0.2  0.8  1.14  0    /* Ti-Ti
5  1  0  2131.04  0.3038  0  18.15136260724934  -85.70374356808781  271.5517827052462  -445.3991449784119  351.7793942545336  -107.7361609775103  0.4  1.0  7.4  50.0    /* Ti-O
2  7  0  0  1  0  10.65310743882376  -17.09835332433599  27.95009380519082  -36.84669064359805  28.35261336143788  -8.550440852999850  0.3  1.05  1.3  0    /* Mg-Al
7  7  0  0  1  0  10.35782210524575  -12.81834350304060  9.451138615349302  -1.231757627205357  -1.054449265193726  0.1604660005470767  0.3  1.05  1.3  0    /* Al-Al
7  1  0  1374.79  0.3013  0  11.57333206927362  -41.05654746139347  200.9593813701786  -614.9430136264886  875.5115337237691  -464.8603475276439  0.15  0.65  5.0  0    /* Al-O
2  8  0  0  1  0  12.20510643263920  -25.68302087665863  62.87480574173587  -103.3190535319639  83.21227549632546  -24.82802935190700  0.3  1.05  1.3  0    /* Mg-Ga
8  1  0  1625.72  0.3019  0  12.35797553382597  -39.88364190155493  185.4653749239996  -545.5733191992994  736.6577886773858  -365.7662124469220  0.15  0.65  5.0  0    /* Ga-O (50 % Inverted MgGa2O4)
8  8  0  0  1  0  13.47776872017233  -30.16379408106694  80.14027093853544  -135.7549690874261  109.9295292436915  -32.76038782169816  0.3  1.05  1.3  0    /* Ga-Ga
2  9  0  0  1  0  13.00740810097509  -30.08411776888822  80.62705099764245  -137.0187900150422  111.0038745228388  -33.07245245045753  0.3  1.05  1.3  0    /* Mg-In
9  9  0  0  1  0  15.09782170275014  -39.14258195672228  116.5599729122356  -204.9417355162461  166.9733666251739  -49.67660611358227  0.3  1.05  1.3  0    /* In-In
9  1  0  1595.65  0.32960  7.402  12.54810311568571  -25.64340913001880  54.05614851477279  -62.46688764827816  37.32553306941824  -8.923754667129588  0.45  1.1  5.0  1000    /* In-O (100 % inverted, with van der waals term)
10  2  0  0  1  0  11.51867885583783  -20.34204192103235  32.81378236971225  -33.92035917344097  18.07177594060536  -3.678256038145191  0.5  1.5  1.8  50    /* Ar-Mg
10  3  0  0  1  0  14.85698917466111  -33.13017809223987  66.00165827984301  -76.08570437069959  41.90094791517162  -8.571223273081828  0.5  1.5  1.8  50    /* Ar-Hf
6  6  0  0  1  0   36.54618758325278  -132.1883645980236  248.0517059341603   -237.3410294562692   110.8932347637743  -20.05491912502754   0.8  1.5  1.8  0  /* Dy-Dy
6  1  0  1807.84  0.3393  18.77  18.83920311774807  -68.62598571402770  167.2942532634138  -211.5718291608213 126.8606185082723 -28.79776724882733  0.5  1.25  7.4  50.0    /* Dy-O
11  3  0  0  1  0  18.10558887483685  -47.12977832518021  102.5565900126819  -121.4887811416497  67.08209989621150  -13.67304958441817  0.5  1.5  1.8  50    /* Au-Hf
11  2  0  0  1  0  14.14385085755229  -30.05051678391004  57.85580930197729  -65.89343414945118  36.22675143966188  -7.419155557477998  0.5  1.5  1.8  50    /* Au-Mg
11  1  0  0  1  0  13.27785707641265  -26.45167749073363  48.34487138627313  -53.90255560017362  29.51017541398668  -6.049503385905543  0.5  1.5  1.8  50    /* Au-O
13  1  0  1502.11  0.3477  5.1  18.02691742481033  -78.79428596986127  242.2026266807455  -385.5616616131579  291.8979582497646  -83.60709776868526  0.4  1.0  7.4  100    /* Zr-O, Grimes
13  13  0  0  1  0  17.80670226311166  -63.96808450838728  191.1362273738236  -308.7692700811579  239.1676485693887  -69.93343085466820  0.4  1.0  1.3  0    /* Zr-Zr, full charge (+4)
12  1  0  1809.68  0.3547  20.40  13.62345621464033  -34.49462200154897  82.66598414396936  -114.7386341513756  76.40725867136892  -19.03615987637578  0.4  1.2  7.4  100    /* Ce-O
12  12  0  0  1  0  21.99664561715883  -96.42426220367339  303.8396215707832  -494.0418200407915  380.4775599086859  -110.4079520900524  0.4  1.0  1.2  0    /* Ce-Ce
10  14  0  0  1  0  18.97299455789730  -75.49466649921415  192.3378074359885  -253.4418083644793  160.1394208227488  -38.39999382132020  0.5  1.2  1.5  50  /* Ar-Si






Format: id specie a, id specie b, potential type (0=buckingham, 1=L-J), A_pot (or epsilon), rho (not used for L-J), C_pot (or sigma), F1,...,F6, R1, R2, R3, spline offset



/* Make sure you choose the right O-O, Er-Er, Er-O, Mg-O, In-O, ... interactions:
1  1  0  9547.96  0.21916  32.0  9.930572749191651  -17.46685689954139  25.33406943774393  -19.00233912206421  6.620988906086421  -0.8288827301180226  0.2  1.5  7.4  0    /* O-O (from Er2O3 and SPINEL potentials)
1  1  0  22764.0  0.149  27.88  -0.9131087734366381  64.43512766720464  -209.5504402386876  295.8753199098247  -194.7956576455259  48.99748368681347  0.5  1.05  7.4  0    /* O-O (from MgO potential)
1  1  0  1388.773  0.3623  175.0  9.493694522035432  -13.31435730796849  12.98321994869791  -7.309284541927663  2.201750998685985  -0.2807065022743860  0.3  1.8  10.0  0    /* O-O, Devanathan, partial charge (-1.2)

13  1  0  1502.11  0.3477  5.1  18.02691742481033  -78.79428596986127  242.2026266807455  -385.5616616131579  291.8979582497646  -83.60709776868526  0.4  1.0  7.4  100    /* Zr-O, Grimes
13  1  0  17243.394  0.2265  128.3513  30.04169320777193  -122.9677620560717  258.9192171322600  -278.3105557277072  147.8157697741173  -30.88098039977673  0.7  1.2  10.0  50    /* Zr-O, Devanathan, partial charge (Zr +2.4, O -1.2)

13  13  0  0  1  0  17.80670226311166  -63.96808450838728  191.1362273738236  -308.7692700811579  239.1676485693887  -69.93343085466820  0.4  1.0  1.3  0    /* Zr-Zr, full charge (+4)
13  13  0  0  1  0  19.93074148498541  -62.02455971968579  131.8226982371825  -148.7251771354055  80.74200330059678  -16.63439544616185  0.6  1.4  1.7  0    /* Zr-Zr, partial charge (+2.4)

4  4  0  0  1  0  19.80458719424792  -88.50253936585240  338.9819611754776  -671.6878377155534  611.2328199101043  -205.1301810913543  0.3  0.9  1.14  0    /* Er-Er (from Er2Ti2O7 potential)
4  4  0  0  1  0  38.35103075774416  -140.8354326171162  264.6132141388426  -252.7528812946947  117.8261753602909  -21.26389313939025  0.8  1.5  1.8  0    /* Er-Er (from Er2O3 potential)

4  1  0  1739.91  0.3389  17.55  15.97859364867131  -40.99844676916791  74.70563184153177  -72.73311372168611  33.24287028398838  -5.647708459972875  0.6  1.7  7.4  50.0    /* Er-O (from Er2Ti2O7 potential)
4  1  0  1678.21  0.33781  10.34  14.94829154028022  -39.91603208507564  87.37562482663331  -106.7036619399999 64.13052299616510  -14.73123669386403  0.5  1.25   7.4  150.0    /* Er-O (from Er2O3)

2  1  0  1428.5  0.29450  0  13.73900795613014  -60.63988468252345  233.1692923310056  -491.2101570325397  499.1327429922461  -196.1972632190587  0.3  0.8  7.4  0    /* Mg-O (from MgO potential)
2  1  0  1279.69  0.29969  0  11.07648983513538  -31.38781829314979  118.9206813512095  -302.6136783226203  367.5647091017816  -167.4741120990331  0.15  0.8  5.0  0    /* Mg-O (from SPINEL potential)

9  1  0  1595.65  0.32960  7.402  12.54810311568571  -25.64340913001880  54.05614851477279  -62.46688764827816  37.32553306941824  -8.923754667129588  0.45  1.1  5.0  1000    /* In-O (100 % inverted, with van der waals term)
9  1  0  1595.65  0.32960  0  12.84438086272681  -41.03777872815519  192.4814022967741  -569.0623990202647  767.1234293854393  -376.2899417464027  0.15  0.65  5.0  0    /* In-O (100 % inverted, without van der waals)


!!!!!! need to check spinel stuff still !!!!!!!
