1    1.010000  Hydrogen              H   0.370000  0.000000  1.000000  0.000000
2    4.000000  Helium                He  0.600000  1.000000  0.772549  0.000000
3    6.940000  Lithium               Li  1.000000  1.000000  0.000000  0.000000
4    9.010000  Beryllium             Be  1.000000  1.000000  0.000000  0.000000
5    10.810000  Boron                 B   1.000000  1.000000  0.000000  0.000000
6    12.011200  Carbon                C   0.770000  0.200000  0.200000  0.200000
7    14.010000  Nitrogen              N   1.000000  1.000000  0.000000  0.000000
8    16.000000  Oxygen                O   1.240000  1.000000  0.000000  0.000000
9    19.000000  Fluorine              F   1.000000  1.000000  0.000000  0.000000
10   20.180000  Neon                  Ne  1.000000  1.000000  0.000000  0.000000
11   22.990000  Sodium                Na  1.000000  1.000000  0.000000  0.000000
12   24.310000  Magnesium             Mg  1.500000  0.870000  0.870000  0.820000
13   26.980000  Aluminum              Al  1.200000  0.750000  0.760000  0.760000
14   28.085500  Silicon               Si  1.100000  1.000000  1.000000  0.000000
15   30.970000  Phosphorus            P   1.000000  0.650000  0.000000  0.650000
16   32.070000  Sulfur                S   1.000000  1.000000  0.000000  0.000000
17   35.450000  Chlorine              Cl  1.000000  1.000000  0.000000  0.000000
18   39.950000  Argon                 Ar  0.970000  0.000000  1.000000  0.000000
19   39.100000  Potassium             K   1.000000  1.000000  0.000000  0.000000
20   40.080000  Calcium               Ca  1.000000  0.120000  0.840000  0.000000
21   44.960000  Scandium              Sc  1.000000  1.000000  0.000000  0.000000
22   47.870000  Titanium              Ti  0.800000  0.900000  0.900000  0.900000
23   50.940000  Vanadium              V   1.000000  1.000000  0.000000  0.000000
24   52.000000  Chromium              Cr  1.000000  1.000000  0.000000  0.000000
25   54.940000  Manganese             Mn  1.000000  1.000000  0.000000  0.000000
26   55.850000  Iron                  Fe  1.500000  0.000000  0.720000  0.000000
27   58.930000  Cobalt                Co  1.000000  1.000000  0.000000  0.000000
28   58.690000  Nickel                Ni  1.000000  1.000000  0.000000  0.000000
29   63.550000  Copper                Cu  1.000000  1.000000  0.000000  0.000000
30   65.390000  Zinc                  Zn  0.740000  0.520000  0.800000  0.980000
31   69.720000  Gallium               Ga  1.100000  0.000000  0.000000  1.000000
32   72.640000  Germanium             Ge  1.000000  1.000000  0.000000  0.000000
33   74.920000  Arsenic               As  1.000000  1.000000  0.000000  0.000000
34   78.960000  Selenium              Se  1.000000  1.000000  0.000000  0.000000
35   79.900000  Bromine               Br  1.000000  1.000000  0.000000  0.000000
36   83.800000  Krypton               Kr  1.000000  1.000000  0.000000  0.000000
37   85.470000  Rubidium              Rb  1.000000  1.000000  0.000000  0.000000
38   87.620000  Strontium             Sr  1.000000  1.000000  0.000000  0.000000
39   88.910000  Yttrium               Y   1.000000  1.000000  0.000000  0.000000
40   91.224000  Zirconium             Zr  1.480000  0.000000  1.000000  0.000000
41   92.910000  Niobium               Nb  1.400000  0.460000  0.590000  0.620000
42   95.940000  Molybdenum            Mo  1.000000  1.000000  0.000000  0.000000
43   98.000000  Technetium            Tc  1.000000  1.000000  0.000000  0.000000
44   101.070000  Ruthenium             Ru  1.000000  1.000000  0.000000  0.000000
45   102.910000  Rhodium               Rh  1.000000  1.000000  0.000000  0.000000
46   106.420000  Palladium             Pd  1.000000  1.000000  0.000000  0.000000
47   107.870000  Silver                Ag  1.260000  0.753000  0.753000  0.753000
48   112.410000  Cadmium               Cd  1.000000  1.000000  0.000000  0.000000
49   114.820000  Indium                In  1.000000  1.000000  0.000000  0.000000
50   118.710000  Tin                   Sn  1.000000  1.000000  0.000000  0.000000
51   121.760000  Antimony              Sb  1.000000  1.000000  0.000000  0.000000
52   127.600000  Tellurium             Te  1.000000  1.000000  0.000000  0.000000
53   126.900000  Iodine                I   1.000000  1.000000  0.000000  0.000000
54   131.293000  Xenon                 Xe  1.300000  1.000000  0.000000  1.000000
55   132.910000  Cesium                Cs  1.000000  1.000000  0.000000  0.000000
56   137.330000  Barium                Ba  1.000000  1.000000  0.000000  0.000000
57   138.910000  Lanthanum             La  1.000000  1.000000  0.000000  0.000000
58   140.120000  Cerium                Ce  1.000000  1.000000  0.000000  0.000000
59   140.910000  Praseodymium          Pr  1.000000  1.000000  0.000000  0.000000
60   144.240000  Neodymium             Nd  1.000000  1.000000  0.000000  0.000000
61   145.000000  Promethium            Pm  1.000000  1.000000  0.000000  0.000000
62   150.360000  Samarium              Sm  1.000000  1.000000  0.000000  0.000000
63   151.960000  Europium              Eu  1.000000  1.000000  0.000000  0.000000
64   157.250000  Gadolinium            Gd  1.000000  1.000000  0.000000  0.000000
65   158.930000  Terbium               Tb  1.000000  1.000000  0.000000  0.000000
66   162.500000  Dysprosium            Dy  1.000000  1.000000  0.000000  0.000000
67   164.930000  Holmium               Ho  1.000000  1.000000  0.000000  0.000000
68   167.260000  Erbium                Er  1.570000  0.000000  0.000000  1.000000
69   168.930000  Thulium               Tm  1.000000  1.000000  0.000000  0.000000
70   173.040000  Ytterbium             Yb  1.000000  1.000000  0.000000  0.000000
71   174.970000  Lutetium              Lu  1.000000  1.000000  0.000000  0.000000
72   178.490000  Hafnium               Hf  1.500000  0.500000  0.500000  0.000000
73   180.950000  Tantalum              Ta  1.000000  1.000000  0.000000  0.000000
74   183.840000  Tungsten              W   1.000000  1.000000  0.000000  0.000000
75   186.210000  Rhenium               Re  1.000000  1.000000  0.000000  0.000000
76   190.230000  Osmium                Os  1.000000  1.000000  0.000000  0.000000
77   192.220000  Iridium               Ir  1.000000  1.000000  0.000000  0.000000
78   195.080000  Platinum              Pt  1.000000  1.000000  0.000000  0.000000
79   196.970000  Gold                  Au  1.440000  1.000000  0.840000  0.000000
80   200.590000  Mercury               Hg  1.000000  1.000000  0.000000  0.000000
81   204.380000  Thallium              Tl  1.000000  1.000000  0.000000  0.000000
82   207.200000  Lead                  Pb  1.000000  1.000000  0.000000  0.000000
83   208.980000  Bismuth               Bi  1.000000  1.000000  0.000000  0.000000
84   209.000000  Polonium              Po  1.000000  1.000000  0.000000  0.000000
85   210.000000  Astatine              At  1.000000  1.000000  0.000000  0.000000
86   222.000000  Radon                 Rn  1.000000  1.000000  0.000000  0.000000
87   223.000000  Francium              Fr  1.000000  1.000000  0.000000  0.000000
88   226.000000  Radium                Ra  1.000000  1.000000  0.000000  0.000000
89   227.000000  Actinium              Ac  1.000000  1.000000  0.000000  0.000000
90   232.040000  Thorium               Th  1.000000  1.000000  0.000000  0.000000
91   231.040000  Protactinium          Pa  1.000000  1.000000  0.000000  0.000000
92   238.030000  Uranium               U   1.000000  1.000000  0.000000  0.000000
93   237.000000  Neptunium             Np  1.000000  1.000000  0.000000  0.000000
94   244.000000  Plutonium             Pu  1.500000  1.000000  0.000000  0.000000
95   243.000000  Americium             Am  1.000000  1.000000  0.000000  0.000000
96   247.000000  Curium                Cm  1.000000  1.000000  0.000000  0.000000
97   247.000000  Berkelium             Bk  1.000000  1.000000  0.000000  0.000000
98   251.000000  Californium           Cf  1.000000  1.000000  0.000000  0.000000
99   252.000000  Einsteinium           Es  1.000000  1.000000  0.000000  0.000000
100  257.000000  Fermium               Fm  1.000000  1.000000  0.000000  0.000000
101  258.000000  Mendelevium           Md  1.000000  1.000000  0.000000  0.000000
102  259.000000  Nobelium              No  1.000000  1.000000  0.000000  0.000000
103  262.000000  Lawrencium            Lr  1.000000  1.000000  0.000000  0.000000
104  261.000000  Rutherfordium         Rf  1.000000  1.000000  0.000000  0.000000
105  262.000000  Dubnium               Db  1.000000  1.000000  0.000000  0.000000
106  266.000000  Seaborgium            Sg  1.000000  1.000000  0.000000  0.000000
107  264.000000  Bohrium               Bh  1.000000  1.000000  0.000000  0.000000
108  277.000000  Hassium               Hs  1.000000  1.000000  0.000000  0.000000
109  268.000000  Meitnerium            Mt  1.000000  1.000000  0.000000  0.000000
110  270.000000  Hydrogend(Water)      HW  0.800000  1.000000  1.000000  1.000000
111  271.000000  Oxygen(Water)         OW  1.200000  1.000000  0.000000  0.000000
